! r2SCAN-3c Opt TightSCF SMD(water) DRACO
%maxcore 16000
%pal
  nprocs 8
end
* xyz 0 1
H         -3.37400        9.39100       -1.35600
O         -3.90700        9.66700       -2.10500
C         -3.68500       11.06100       -2.36200
H         -2.62900       11.20900       -2.59100
O         -4.03300       11.87200       -1.17900
C         -3.87900       13.33800       -1.32100
H         -2.83800       13.55900       -1.56900
C         -4.22200       13.98900        0.02500
H         -5.22700       13.70900        0.34400
H         -4.17400       15.07500       -0.05300
O         -3.27100       13.55600        1.00600
H         -3.30700       12.60000        1.08600
C         -4.78000       13.80400       -2.47900
H         -5.82700       13.66100       -2.19600
C         -4.49400       13.02200       -3.77100
H         -3.50600       13.29500       -4.14600
O         -5.48300       13.39500       -4.74800
H         -5.32000       12.92000       -5.56600
C         -4.56100       11.49700       -3.55500
H         -5.59600       11.22300       -3.33700
N         -4.11900       10.80600       -4.77500
H         -3.14100       10.90300       -5.00700
C         -4.91000       10.08700       -5.59200
O         -6.11700        9.91700       -5.41200
C         -4.19400        9.46800       -6.80900
H         -3.41500        8.78200       -6.47100
H         -4.90500        8.91600       -7.42500
H         -3.74200       10.25600       -7.41300
O         -4.50000       15.22900       -2.73100
C         -5.60200       16.16100       -2.44600
H         -6.04200       15.91000       -1.47900
O         -6.64200       16.08700       -3.49000
C         -7.80400       16.98600       -3.32200
H         -8.28500       16.75700       -2.36800
C         -8.78700       16.69800       -4.46400
H         -8.30200       16.82800       -5.43200
H         -9.64200       17.37300       -4.41200
O         -9.25600       15.34800       -4.34400
H         -8.51000       14.74600       -4.38800
C         -7.28500       18.43800       -3.29400
H         -6.93100       18.71700       -4.28800
O         -8.38400       19.29000       -2.92600
H         -8.08800       20.20300       -2.90600
C         -6.16200       18.63800       -2.25900
H         -6.58000       18.58200       -1.25100
O         -5.59000       19.94500       -2.45900
H         -4.88700       20.08700       -1.82100
C         -5.03900       17.59300       -2.40600
H         -4.50900       17.77600       -3.34400
N         -4.09800       17.71100       -1.28400
H         -4.51200       17.75500       -0.36400
C         -2.75700       17.71700       -1.39100
O         -2.15000       17.64200       -2.46100
C         -2.00000       17.81700       -0.05300
H         -2.20200       16.93200        0.55200
H         -0.92600       17.88400       -0.23100
H         -2.32100       18.70700        0.49100
*